0.000000000000000000e+00,6.875681144330011429e-01,5.239237396816670556e-01,5.008771806224751044e-01,8.487206365392581109e-01,5.136098968323404845e-01,9.749230439944112092e-01
6.875681144330011429e-01,0.000000000000000000e+00,5.198652567690087434e-02,1.819931493577962023e-01,4.833016469322660713e-01,1.758055003211779210e-01,1.433863924402882795e-01
5.239237396816670556e-01,5.198652567690087434e-02,0.000000000000000000e+00,3.645526799600729007e-03,6.289128180735643614e-01,3.532104471318793237e-01,5.262373399164154142e-01
5.008771806224751044e-01,1.819931493577962023e-01,3.645526799600729007e-03,0.000000000000000000e+00,6.921518279775751292e-02,4.810036581054976113e-01,5.052747147856470056e-01
8.487206365392581109e-01,4.833016469322660713e-01,6.289128180735643614e-01,6.921518279775751292e-02,0.000000000000000000e+00,6.347148531400361726e-01,4.276381633675729876e-01
5.136098968323404845e-01,1.758055003211779210e-01,3.532104471318793237e-01,4.810036581054976113e-01,6.347148531400361726e-01,0.000000000000000000e+00,7.802441701312154976e-01
9.749230439944112092e-01,1.433863924402882795e-01,5.262373399164154142e-01,5.052747147856470056e-01,4.276381633675729876e-01,7.802441701312154976e-01,0.000000000000000000e+00
