0.000000000000000000e+00,8.975524815615923968e-01,6.825166100672244163e-01,4.347157924406456209e-01,7.173099234513112821e-01,6.878866845198199353e-01,6.852014411971310004e-01
8.975524815615923968e-01,0.000000000000000000e+00,4.268426435226150284e-01,8.330429342423063543e-01,1.560025450840796246e-01,7.017700629668421897e-02,8.415175105846592896e-01
6.825166100672244163e-01,4.268426435226150284e-01,0.000000000000000000e+00,9.527935429547867985e-01,8.913627105106661785e-01,5.827343096379665743e-01,3.326926321404534148e-01
4.347157924406456209e-01,8.330429342423063543e-01,9.527935429547867985e-01,0.000000000000000000e+00,7.390714707511732984e-01,6.677192157488294200e-01,3.696760769601182828e-01
7.173099234513112821e-01,1.560025450840796246e-01,8.913627105106661785e-01,7.390714707511732984e-01,0.000000000000000000e+00,7.695197265830010513e-01,8.058135478122551154e-01
6.878866845198199353e-01,7.017700629668421897e-02,5.827343096379665743e-01,6.677192157488294200e-01,7.695197265830010513e-01,0.000000000000000000e+00,2.204159097983406923e-01
6.852014411971310004e-01,8.415175105846592896e-01,3.326926321404534148e-01,3.696760769601182828e-01,8.058135478122551154e-01,2.204159097983406923e-01,0.000000000000000000e+00
