0.000000000000000000e+00,1.387895406124312059e-01,6.453420685428526982e-01,6.142580366284253746e-01,6.211425366095980616e-01,8.947138250452804087e-01,8.475428115208650803e-01
1.387895406124312059e-01,0.000000000000000000e+00,7.107256274507288696e-01,7.479527854350149774e-01,9.692611638384582839e-01,6.718306855461479987e-01,9.041888578597194748e-01
6.453420685428526982e-01,7.107256274507288696e-01,0.000000000000000000e+00,5.424057096572704184e-01,8.625969459607358836e-01,9.231887300791028483e-01,2.089035594132959694e-01
6.142580366284253746e-01,7.479527854350149774e-01,5.424057096572704184e-01,0.000000000000000000e+00,6.860673233809946314e-01,5.031416905656505012e-01,9.632281204667115793e-01
6.211425366095980616e-01,9.692611638384582839e-01,8.625969459607358836e-01,6.860673233809946314e-01,0.000000000000000000e+00,8.009026199694827541e-01,4.856402419400591697e-01
8.947138250452804087e-01,6.718306855461479987e-01,9.231887300791028483e-01,5.031416905656505012e-01,8.009026199694827541e-01,0.000000000000000000e+00,2.778801248528942613e-01
8.475428115208650803e-01,9.041888578597194748e-01,2.089035594132959694e-01,9.632281204667115793e-01,4.856402419400591697e-01,2.778801248528942613e-01,0.000000000000000000e+00
