0.000000000000000000e+00,3.392380700195598564e-01,6.691412397670504220e-02,4.947598300176060393e-01,1.094036293761621037e-01,4.094546511825123414e-01,5.838725311835952780e-01
3.392380700195598564e-01,0.000000000000000000e+00,8.794976825972227186e-01,6.495771456922171394e-01,7.690382089289424794e-01,8.734760281322511144e-01,7.974408205954630624e-03
6.691412397670504220e-02,8.794976825972227186e-01,0.000000000000000000e+00,5.080961287182231834e-01,9.468660536735855615e-01,6.491532613787631689e-02,2.310557952645435620e-01
4.947598300176060393e-01,6.495771456922171394e-01,5.080961287182231834e-01,0.000000000000000000e+00,5.044778744360345346e-01,1.960148202716227583e-02,8.113345933147098066e-01
1.094036293761621037e-01,7.690382089289424794e-01,9.468660536735855615e-01,5.044778744360345346e-01,0.000000000000000000e+00,2.404831597509102803e-01,1.279888619039842856e-01
4.094546511825123414e-01,8.734760281322511144e-01,6.491532613787631689e-02,1.960148202716227583e-02,2.404831597509102803e-01,0.000000000000000000e+00,5.789053127932143328e-01
5.838725311835952780e-01,7.974408205954630624e-03,2.310557952645435620e-01,8.113345933147098066e-01,1.279888619039842856e-01,5.789053127932143328e-01,0.000000000000000000e+00
