0.000000000000000000e+00,1.074704679322820988e-01,9.251915088902133988e-01,6.388137827451872974e-01,3.259774390600430616e-01,3.829057574463565761e-01,4.886218016909585904e-01
1.074704679322820988e-01,0.000000000000000000e+00,6.854200283133916605e-01,7.043542369842170636e-02,7.165555735787816349e-01,6.138734944421520012e-01,7.824434331480536464e-01
9.251915088902133988e-01,6.854200283133916605e-01,0.000000000000000000e+00,7.441438471305411584e-01,4.333693236318625353e-01,7.013926515233205317e-01,7.352342071496227316e-01
6.388137827451872974e-01,7.043542369842170636e-02,7.441438471305411584e-01,0.000000000000000000e+00,3.667963033746519663e-01,6.639816913244398489e-01,5.359922051361376560e-01
3.259774390600430616e-01,7.165555735787816349e-01,4.333693236318625353e-01,3.667963033746519663e-01,0.000000000000000000e+00,1.508052939156248051e-01,4.876045343088132311e-01
3.829057574463565761e-01,6.138734944421520012e-01,7.013926515233205317e-01,6.639816913244398489e-01,1.508052939156248051e-01,0.000000000000000000e+00,9.449289933028796051e-01
4.886218016909585904e-01,7.824434331480536464e-01,7.352342071496227316e-01,5.359922051361376560e-01,4.876045343088132311e-01,9.449289933028796051e-01,0.000000000000000000e+00
