0.000000000000000000e+00,7.517102722620073729e-01,2.945668092992890230e-01,5.875652625431904141e-01,2.068199775425948461e-01,2.179760736363348661e-01,1.261427144280240498e-01
7.517102722620073729e-01,0.000000000000000000e+00,7.709154915365517002e-01,6.732841616817361041e-01,1.488714425727174495e-01,6.013862960321622042e-01,8.674052638708574792e-01
2.945668092992890230e-01,7.709154915365517002e-01,0.000000000000000000e+00,1.371768727569603330e-01,4.188425610092184614e-01,5.844518662968811729e-02,7.633722437194585542e-01
5.875652625431904141e-01,6.732841616817361041e-01,1.371768727569603330e-01,0.000000000000000000e+00,7.236075687475768126e-01,1.253755281915831521e-01,7.157911884016474602e-01
2.068199775425948461e-01,1.488714425727174495e-01,4.188425610092184614e-01,7.236075687475768126e-01,0.000000000000000000e+00,1.808128410529441510e-01,3.248380884581576478e-01
2.179760736363348661e-01,6.013862960321622042e-01,5.844518662968811729e-02,1.253755281915831521e-01,1.808128410529441510e-01,0.000000000000000000e+00,3.709843889935138250e-01
1.261427144280240498e-01,8.674052638708574792e-01,7.633722437194585542e-01,7.157911884016474602e-01,3.248380884581576478e-01,3.709843889935138250e-01,0.000000000000000000e+00
