0.000000000000000000e+00,9.346293952853648168e-01,2.589515978525505080e-01,5.556660798110161226e-01,8.321290185407586026e-01,6.172323292375656578e-01,7.014418784304891075e-01
9.346293952853648168e-01,0.000000000000000000e+00,5.181076342471380158e-01,2.175787076370738760e-01,8.589993754209979127e-02,7.534999724714600555e-01,8.949261293790473637e-01
2.589515978525505080e-01,5.181076342471380158e-01,0.000000000000000000e+00,6.389132595953428417e-01,7.284256941701240384e-01,2.223861702231423321e-01,7.573880011654430255e-01
5.556660798110161226e-01,2.175787076370738760e-01,6.389132595953428417e-01,0.000000000000000000e+00,4.630828172843802770e-01,4.410168374895684362e-01,3.570237583199605824e-01
8.321290185407586026e-01,8.589993754209979127e-02,7.284256941701240384e-01,4.630828172843802770e-01,0.000000000000000000e+00,3.707566201733065725e-01,2.593032100331696954e-01
6.172323292375656578e-01,7.534999724714600555e-01,2.223861702231423321e-01,4.410168374895684362e-01,3.707566201733065725e-01,0.000000000000000000e+00,2.008587374405809145e-01
7.014418784304891075e-01,8.949261293790473637e-01,7.573880011654430255e-01,3.570237583199605824e-01,2.593032100331696954e-01,2.008587374405809145e-01,0.000000000000000000e+00
