0.000000000000000000e+00,3.183885513342364915e-01,1.170094621745709773e-01,5.664463117485730725e-01,7.342256250597971601e-01,3.296669056590666447e-01,7.053581754798998737e-02
3.183885513342364915e-01,0.000000000000000000e+00,1.680996375232153284e-01,2.224253836610968760e-01,4.525898986490561882e-02,9.928233694860293390e-01,5.546318866978952045e-01
1.170094621745709773e-01,1.680996375232153284e-01,0.000000000000000000e+00,3.217217581865646769e-01,8.680731588516402697e-01,3.489319694384515058e-01,7.302961739711710809e-01
5.664463117485730725e-01,2.224253836610968760e-01,3.217217581865646769e-01,0.000000000000000000e+00,7.152065785456377389e-01,4.625016355785608324e-01,9.260328589996391635e-02
7.342256250597971601e-01,4.525898986490561882e-02,8.680731588516402697e-01,7.152065785456377389e-01,0.000000000000000000e+00,5.825226234806861747e-01,3.981284122197040753e-01
3.296669056590666447e-01,9.928233694860293390e-01,3.489319694384515058e-01,4.625016355785608324e-01,5.825226234806861747e-01,0.000000000000000000e+00,7.720192474155468387e-01
7.053581754798998737e-02,5.546318866978952045e-01,7.302961739711710809e-01,9.260328589996391635e-02,3.981284122197040753e-01,7.720192474155468387e-01,0.000000000000000000e+00
