0.000000000000000000e+00,4.584620540043303771e-01,5.547459825180994786e-01,8.479599088869244072e-01,9.505631484757930405e-01,3.479367166639827369e-01,9.582746287097511084e-01
4.584620540043303771e-01,0.000000000000000000e+00,8.724958530792579214e-01,2.825446210758612020e-01,2.893313975831185436e-01,6.122548448508461361e-01,5.114571332012556315e-01
5.547459825180994786e-01,8.724958530792579214e-01,0.000000000000000000e+00,5.626491146402523569e-02,6.294568260836973517e-01,3.277731771122538440e-02,5.140189996488649937e-01
8.479599088869244072e-01,2.825446210758612020e-01,5.626491146402523569e-02,0.000000000000000000e+00,4.633341600273199745e-02,2.991379755028745757e-01,2.589697400242958469e-01
9.505631484757930405e-01,2.893313975831185436e-01,6.294568260836973517e-01,4.633341600273199745e-02,0.000000000000000000e+00,3.494414170633561856e-01,7.582186766656165977e-01
3.479367166639827369e-01,6.122548448508461361e-01,3.277731771122538440e-02,2.991379755028745757e-01,3.494414170633561856e-01,0.000000000000000000e+00,2.918816888870279236e-02
9.582746287097511084e-01,5.114571332012556315e-01,5.140189996488649937e-01,2.589697400242958469e-01,7.582186766656165977e-01,2.918816888870279236e-02,0.000000000000000000e+00
