0.000000000000000000e+00,6.108863357135594363e-01,1.128925804111906572e-01,4.960711736811546091e-01,1.704299835432038224e-01,5.896420273551670199e-01,9.171563778426079505e-01
6.108863357135594363e-01,0.000000000000000000e+00,1.899707789070507191e-01,7.167435763669156579e-01,2.525887975129675889e-01,1.488533263957070307e-02,7.234678418132631794e-01
1.128925804111906572e-01,1.899707789070507191e-01,0.000000000000000000e+00,3.657710523768517019e-01,7.598960562088257209e-01,1.147830141092770484e-01,8.474539344935185792e-01
4.960711736811546091e-01,7.167435763669156579e-01,3.657710523768517019e-01,0.000000000000000000e+00,4.037479959512076944e-01,3.107510484684234964e-01,1.277480174746121744e-01
1.704299835432038224e-01,2.525887975129675889e-01,7.598960562088257209e-01,4.037479959512076944e-01,0.000000000000000000e+00,9.310007315512430770e-01,7.105482494704343788e-01
5.896420273551670199e-01,1.488533263957070307e-02,1.147830141092770484e-01,3.107510484684234964e-01,9.310007315512430770e-01,0.000000000000000000e+00,4.936279911161843836e-01
9.171563778426079505e-01,7.234678418132631794e-01,8.474539344935185792e-01,1.277480174746121744e-01,7.105482494704343788e-01,4.936279911161843836e-01,0.000000000000000000e+00
