0.000000000000000000e+00,9.138750796194731185e-01,2.302728762582627597e-01,7.142906570778053688e-01,4.518608635265091156e-01,2.130216447772802502e-01,4.316473719975558732e-01
9.138750796194731185e-01,0.000000000000000000e+00,3.699920704550175854e-01,9.177807703301188447e-02,6.662595347950696079e-01,6.501051770848162992e-01,7.730449687559354244e-01
2.302728762582627597e-01,3.699920704550175854e-01,0.000000000000000000e+00,6.553424212724370257e-01,9.475589145417712134e-01,3.965109075983153097e-01,1.751487569510901121e-02
7.142906570778053688e-01,9.177807703301188447e-02,6.553424212724370257e-01,0.000000000000000000e+00,3.351674290460071592e-02,4.609858880766838363e-01,2.288491278188442557e-01
4.518608635265091156e-01,6.662595347950696079e-01,9.475589145417712134e-01,3.351674290460071592e-02,0.000000000000000000e+00,1.706070564868482631e-01,4.537129453424877390e-01
2.130216447772802502e-01,6.501051770848162992e-01,3.965109075983153097e-01,4.609858880766838363e-01,1.706070564868482631e-01,0.000000000000000000e+00,2.465699493291495514e-01
4.316473719975558732e-01,7.730449687559354244e-01,1.751487569510901121e-02,2.288491278188442557e-01,4.537129453424877390e-01,2.465699493291495514e-01,0.000000000000000000e+00
