0.000000000000000000e+00,6.028093903249209795e-02,6.149251919890539320e-01,3.684221902399043014e-01,7.276040917724226897e-01,1.654568409724010980e-01,7.682514589920852455e-01
6.028093903249209795e-02,0.000000000000000000e+00,3.891953037693860473e-01,4.064822204533262706e-01,5.515847669166741296e-01,8.960843478039681731e-01,5.553233531143303425e-01
6.149251919890539320e-01,3.891953037693860473e-01,0.000000000000000000e+00,7.934329879709985933e-01,7.488344653640028881e-01,4.230527590676683714e-01,6.555125913106946145e-01
3.684221902399043014e-01,4.064822204533262706e-01,7.934329879709985933e-01,0.000000000000000000e+00,2.870902967601716149e-01,8.248069875278668528e-01,7.315536687177113251e-01
7.276040917724226897e-01,5.515847669166741296e-01,7.488344653640028881e-01,2.870902967601716149e-01,0.000000000000000000e+00,3.546879252617385347e-02,5.608849937407826003e-01
1.654568409724010980e-01,8.960843478039681731e-01,4.230527590676683714e-01,8.248069875278668528e-01,3.546879252617385347e-02,0.000000000000000000e+00,7.202590593282207632e-01
7.682514589920852455e-01,5.553233531143303425e-01,6.555125913106946145e-01,7.315536687177113251e-01,5.608849937407826003e-01,7.202590593282207632e-01,0.000000000000000000e+00
