0.000000000000000000e+00,4.968169961865152029e-01,5.761068525139313445e-01,2.433461948888195892e-01,3.036407361844321029e-01,2.342876629447292469e-01,7.001921123594641028e-01
4.968169961865152029e-01,0.000000000000000000e+00,6.231875029969810020e-01,3.804512726531338318e-01,9.232020076448120838e-01,7.137265438235385062e-02,9.674271764308383093e-01
5.761068525139313445e-01,6.231875029969810020e-01,0.000000000000000000e+00,9.969114944224916064e-01,6.409370359491017854e-01,6.793162653259459116e-01,1.147159288536991895e-02
2.433461948888195892e-01,3.804512726531338318e-01,9.969114944224916064e-01,0.000000000000000000e+00,5.720284742986955218e-01,9.576118050411894789e-01,3.511282493840196528e-01
3.036407361844321029e-01,9.232020076448120838e-01,6.409370359491017854e-01,5.720284742986955218e-01,0.000000000000000000e+00,8.175347176763220203e-01,5.916642700943156585e-01
2.342876629447292469e-01,7.137265438235385062e-02,6.793162653259459116e-01,9.576118050411894789e-01,8.175347176763220203e-01,0.000000000000000000e+00,8.827466863631524552e-01
7.001921123594641028e-01,9.674271764308383093e-01,1.147159288536991895e-02,3.511282493840196528e-01,5.916642700943156585e-01,8.827466863631524552e-01,0.000000000000000000e+00
