0.000000000000000000e+00,3.615843311870099441e-01,5.901330308822125836e-01,8.411119956901735861e-02,3.561190726818894703e-01,5.878082644814464075e-01,6.816606371987139479e-01
3.615843311870099441e-01,0.000000000000000000e+00,5.479172656335946634e-01,2.289406142724886850e-01,1.483027105645422505e-01,9.951398201624253037e-01,7.928410012051956279e-02
5.901330308822125836e-01,5.479172656335946634e-01,0.000000000000000000e+00,7.767016657186496253e-01,2.090822614915415212e-01,6.117189198224057822e-01,6.535016069191460497e-01
8.411119956901735861e-02,2.289406142724886850e-01,7.767016657186496253e-01,0.000000000000000000e+00,6.859226705000902591e-01,2.488226520038644418e-01,3.019580732489883790e-01
3.561190726818894703e-01,1.483027105645422505e-01,2.090822614915415212e-01,6.859226705000902591e-01,0.000000000000000000e+00,8.293645920109761205e-01,3.834926227707335933e-01
5.878082644814464075e-01,9.951398201624253037e-01,6.117189198224057822e-01,2.488226520038644418e-01,8.293645920109761205e-01,0.000000000000000000e+00,4.542926451746632788e-01
6.816606371987139479e-01,7.928410012051956279e-02,6.535016069191460497e-01,3.019580732489883790e-01,3.834926227707335933e-01,4.542926451746632788e-01,0.000000000000000000e+00
