0.000000000000000000e+00,7.528219208996012046e-01,7.372645252855978271e-01,8.547792873196559116e-01,7.748116952684104275e-01,7.929004531409458156e-01,4.270473730997740303e-01
7.528219208996012046e-01,0.000000000000000000e+00,1.923020411512598171e-01,1.371609271885964043e-01,2.920624139277553377e-01,6.991267353062430301e-01,5.688865630129971152e-01
7.372645252855978271e-01,1.923020411512598171e-01,0.000000000000000000e+00,1.517926386789565374e-01,4.528049294179196105e-01,3.664918386620719115e-02,6.313780447462902234e-01
8.547792873196559116e-01,1.371609271885964043e-01,1.517926386789565374e-01,0.000000000000000000e+00,3.031826999075427631e-01,1.406104436056652141e-01,1.552979930672020448e-01
7.748116952684104275e-01,2.920624139277553377e-01,4.528049294179196105e-01,3.031826999075427631e-01,0.000000000000000000e+00,2.868129551711207093e-01,1.729129442639011360e-01
7.929004531409458156e-01,6.991267353062430301e-01,3.664918386620719115e-02,1.406104436056652141e-01,2.868129551711207093e-01,0.000000000000000000e+00,1.827842555557988025e-01
4.270473730997740303e-01,5.688865630129971152e-01,6.313780447462902234e-01,1.552979930672020448e-01,1.729129442639011360e-01,1.827842555557988025e-01,0.000000000000000000e+00
