-7.812500000000000000e-01,5.312500000000000000e-01,3.750000000000000000e-01,-7.812500000000000000e-01,-6.250000000000000000e-01,3.750000000000000000e-01,3.750000000000000000e-01,5.312500000000000000e-01
5.312500000000000000e-01,-2.812500000000000000e-01,6.250000000000000000e-01,5.312500000000000000e-01,-3.750000000000000000e-01,-3.750000000000000000e-01,-3.750000000000000000e-01,-2.812500000000000000e-01
3.750000000000000000e-01,6.250000000000000000e-01,-5.000000000000000000e-01,3.750000000000000000e-01,5.000000000000000000e-01,-5.000000000000000000e-01,-5.000000000000000000e-01,-3.750000000000000000e-01
-7.812500000000000000e-01,5.312500000000000000e-01,3.750000000000000000e-01,-7.812500000000000000e-01,3.750000000000000000e-01,3.750000000000000000e-01,-6.250000000000000000e-01,5.312500000000000000e-01
-6.250000000000000000e-01,-3.750000000000000000e-01,5.000000000000000000e-01,3.750000000000000000e-01,-5.000000000000000000e-01,5.000000000000000000e-01,5.000000000000000000e-01,-3.750000000000000000e-01
3.750000000000000000e-01,-3.750000000000000000e-01,-5.000000000000000000e-01,3.750000000000000000e-01,5.000000000000000000e-01,-5.000000000000000000e-01,5.000000000000000000e-01,-3.750000000000000000e-01
3.750000000000000000e-01,-3.750000000000000000e-01,-5.000000000000000000e-01,-6.250000000000000000e-01,5.000000000000000000e-01,5.000000000000000000e-01,-5.000000000000000000e-01,6.250000000000000000e-01
5.312500000000000000e-01,-2.812500000000000000e-01,-3.750000000000000000e-01,5.312500000000000000e-01,-3.750000000000000000e-01,-3.750000000000000000e-01,6.250000000000000000e-01,-2.812500000000000000e-01
