0.000000000000000000e+00,9.767522615440143996e-01,2.602694458907781616e-01,7.918510325607364120e-02,7.916047449488231580e-01,5.826803969981703135e-01,1.026846777421833723e-01
9.767522615440143996e-01,0.000000000000000000e+00,2.211445888502954205e-01,1.438892190498917145e-01,4.147022350545442881e-01,9.857414605840020272e-02,5.910350139017720439e-01
2.602694458907781616e-01,2.211445888502954205e-01,0.000000000000000000e+00,7.478457834687559647e-01,6.476016179987121868e-01,5.968978041069754603e-01,7.782709793433825185e-01
7.918510325607364120e-02,1.438892190498917145e-01,7.478457834687559647e-01,0.000000000000000000e+00,2.016139991524772412e-01,4.658213651888593043e-01,5.741988746334634186e-01
7.916047449488231580e-01,4.147022350545442881e-01,6.476016179987121868e-01,2.016139991524772412e-01,0.000000000000000000e+00,9.096857022115351077e-01,6.049041526654260759e-01
5.826803969981703135e-01,9.857414605840020272e-02,5.968978041069754603e-01,4.658213651888593043e-01,9.096857022115351077e-01,0.000000000000000000e+00,4.501888064583217108e-01
1.026846777421833723e-01,5.910350139017720439e-01,7.782709793433825185e-01,5.741988746334634186e-01,6.049041526654260759e-01,4.501888064583217108e-01,0.000000000000000000e+00
