0.000000000000000000e+00,2.945579944317756604e-01,5.421348949179924936e-01,3.161995723609580811e-01,1.403737065478416479e-02,5.111187846301579185e-01,9.858807840708898595e-01
2.945579944317756604e-01,0.000000000000000000e+00,7.387263122914267122e-03,1.117132219460923448e-01,8.280890024755894752e-01,9.966029484768971214e-01,4.275326113313491216e-01
5.421348949179924936e-01,7.387263122914267122e-03,0.000000000000000000e+00,4.730089046205794290e-01,3.190506399891209766e-01,7.283870837362806938e-01,3.625758860921313165e-02
3.161995723609580811e-01,1.117132219460923448e-01,4.730089046205794290e-01,0.000000000000000000e+00,8.943009962740227081e-01,8.790427448856852344e-02,5.816085061302515014e-01
1.403737065478416479e-02,8.280890024755894752e-01,3.190506399891209766e-01,8.943009962740227081e-01,0.000000000000000000e+00,8.363337460358952757e-01,2.135267230558429707e-01
5.111187846301579185e-01,9.966029484768971214e-01,7.283870837362806938e-01,8.790427448856852344e-02,8.363337460358952757e-01,0.000000000000000000e+00,3.951438569280132374e-01
9.858807840708898595e-01,4.275326113313491216e-01,3.625758860921313165e-02,5.816085061302515014e-01,2.135267230558429707e-01,3.951438569280132374e-01,0.000000000000000000e+00
