0.000000000000000000e+00,1.642132481271569855e-01,3.246584436732785628e-01,9.959397974730452852e-01,2.797103578855650863e-01,3.395566350502186026e-01,8.015991850073628244e-01
1.642132481271569855e-01,0.000000000000000000e+00,5.668808125143953713e-01,3.331893542233043126e-01,1.823098666704772164e-01,6.732172031489827013e-01,4.786816760904551993e-01
3.246584436732785628e-01,5.668808125143953713e-01,0.000000000000000000e+00,1.104455432710771401e-01,6.100961788021462828e-01,3.255592627758652213e-01,2.967835528109964427e-01
9.959397974730452852e-01,3.331893542233043126e-01,1.104455432710771401e-01,0.000000000000000000e+00,2.348918476348766937e-01,5.372142174949893212e-01,4.358821194412986211e-01
2.797103578855650863e-01,1.823098666704772164e-01,6.100961788021462828e-01,2.348918476348766937e-01,0.000000000000000000e+00,7.525574558899417177e-01,6.773180657951818340e-01
3.395566350502186026e-01,6.732172031489827013e-01,3.255592627758652213e-01,5.372142174949893212e-01,7.525574558899417177e-01,0.000000000000000000e+00,6.898423018143519103e-01
8.015991850073628244e-01,4.786816760904551993e-01,2.967835528109964427e-01,4.358821194412986211e-01,6.773180657951818340e-01,6.898423018143519103e-01,0.000000000000000000e+00
