0.000000000000000000e+00,1.543211979346563734e-01,2.433005182602738792e-01,4.276614649369673282e-01,4.792926712410569001e-01,6.635535916116019894e-02,4.947240389592668652e-01
1.543211979346563734e-01,0.000000000000000000e+00,2.929427614684521064e-02,3.740808123275259911e-01,8.401544612331518502e-01,3.559838729314223071e-01,1.128418409633946684e-02
2.433005182602738792e-01,2.929427614684521064e-02,0.000000000000000000e+00,3.323455474044689772e-01,1.359727938103981737e-01,1.831835405021777774e-01,7.055082185435020969e-01
4.276614649369673282e-01,3.740808123275259911e-01,3.323455474044689772e-01,0.000000000000000000e+00,1.860088449535771682e-01,8.207628110466745897e-01,4.160340512691466097e-01
4.792926712410569001e-01,8.401544612331518502e-01,1.359727938103981737e-01,1.860088449535771682e-01,0.000000000000000000e+00,6.242506157774463382e-02,4.337017142204223630e-01
6.635535916116019894e-02,3.559838729314223071e-01,1.831835405021777774e-01,8.207628110466745897e-01,6.242506157774463382e-02,0.000000000000000000e+00,1.419223262466614566e-01
4.947240389592668652e-01,1.128418409633946684e-02,7.055082185435020969e-01,4.160340512691466097e-01,4.337017142204223630e-01,1.419223262466614566e-01,0.000000000000000000e+00
