0.000000000000000000e+00,8.020445803985620792e-02,1.399329687914707687e-02,9.436631753101543119e-01,6.570277289041870361e-02,8.812200331088758665e-01,7.948077617202666811e-01
8.020445803985620792e-02,0.000000000000000000e+00,2.559332792854985827e-01,9.902805989752381244e-01,3.455781219855844633e-01,9.940943815502434333e-02,7.039808279654991008e-02
1.399329687914707687e-02,2.559332792854985827e-01,0.000000000000000000e+00,1.506281476334697667e-01,8.237757720856748733e-01,2.935958247532466370e-01,3.424679600333121465e-01
9.436631753101543119e-01,9.902805989752381244e-01,1.506281476334697667e-01,0.000000000000000000e+00,1.612448212242425516e-01,3.256400169283825141e-01,2.438663309137032442e-01
6.570277289041870361e-02,3.455781219855844633e-01,8.237757720856748733e-01,1.612448212242425516e-01,0.000000000000000000e+00,9.270194953334069954e-01,5.617096181946165112e-01
8.812200331088758665e-01,9.940943815502434333e-02,2.935958247532466370e-01,3.256400169283825141e-01,9.270194953334069954e-01,0.000000000000000000e+00,6.556758395980325504e-01
7.948077617202666811e-01,7.039808279654991008e-02,3.424679600333121465e-01,2.438663309137032442e-01,5.617096181946165112e-01,6.556758395980325504e-01,0.000000000000000000e+00
