0.000000000000000000e+00,4.395537901717653240e-01,7.831334828419489469e-01,5.332458069091594588e-02,3.450551075905420317e-01,5.109553189850389865e-01,1.582362447927027072e-01
4.395537901717653240e-01,0.000000000000000000e+00,7.206618126122802392e-01,4.880571617474919188e-01,2.435098926999357261e-01,7.336601684098630338e-01,7.129344671908770525e-01
7.831334828419489469e-01,7.206618126122802392e-01,0.000000000000000000e+00,1.728053173048305080e-01,6.309968009157918001e-01,4.192294189181720032e-01,7.666440274878166816e-01
5.332458069091594588e-02,4.880571617474919188e-01,1.728053173048305080e-01,0.000000000000000000e+00,4.231586985860533723e-01,3.432943536733955581e-01,7.313175383718776290e-01
3.450551075905420317e-01,2.435098926999357261e-01,6.309968009157918001e-01,4.231586985860533723e-01,0.000000000000000000e+00,9.946694867073524460e-02,9.431037006432479997e-01
5.109553189850389865e-01,7.336601684098630338e-01,4.192294189181720032e-01,3.432943536733955581e-01,9.946694867073524460e-02,0.000000000000000000e+00,8.364659279498087852e-01
1.582362447927027072e-01,7.129344671908770525e-01,7.666440274878166816e-01,7.313175383718776290e-01,9.431037006432479997e-01,8.364659279498087852e-01,0.000000000000000000e+00
