0.000000000000000000e+00,3.049348024212895636e-01,5.128298261690055204e-01,3.787954790698004892e-01,7.254511329321835511e-01,4.690146493945115402e-01,4.575268152333491489e-01
3.049348024212895636e-01,0.000000000000000000e+00,1.381155063509669212e-01,9.621885649542605279e-02,9.165269268659503865e-02,4.088925634255835551e-01,9.410599362484421970e-01
5.128298261690055204e-01,1.381155063509669212e-01,0.000000000000000000e+00,2.553855248511236464e-01,6.240401104334377669e-01,7.904805295505535900e-01,8.824085002841267622e-01
3.787954790698004892e-01,9.621885649542605279e-02,2.553855248511236464e-01,0.000000000000000000e+00,1.711703349444232414e-01,2.303911670594015471e-01,9.266905243429712780e-01
7.254511329321835511e-01,9.165269268659503865e-02,6.240401104334377669e-01,1.711703349444232414e-01,0.000000000000000000e+00,5.897310749700475085e-01,2.534888440463568537e-01
4.690146493945115402e-01,4.088925634255835551e-01,7.904805295505535900e-01,2.303911670594015471e-01,5.897310749700475085e-01,0.000000000000000000e+00,4.321496086855739494e-01
4.575268152333491489e-01,9.410599362484421970e-01,8.824085002841267622e-01,9.266905243429712780e-01,2.534888440463568537e-01,4.321496086855739494e-01,0.000000000000000000e+00
