0.000000000000000000e+00,4.799455986539873376e-01,5.479823611406460238e-01,6.908121709282818435e-01,8.605200729413478022e-01,5.762204330223037463e-01,9.290294018364385620e-01
4.799455986539873376e-01,0.000000000000000000e+00,3.147466930490985249e-01,7.348023172839818207e-01,1.583608140507011264e-01,3.269062023137042639e-01,3.667882860668657541e-01
5.479823611406460238e-01,3.147466930490985249e-01,0.000000000000000000e+00,7.049551387179662232e-01,6.998730584731350790e-01,9.641129817414495484e-02,5.451812186851842101e-01
6.908121709282818435e-01,7.348023172839818207e-01,7.049551387179662232e-01,0.000000000000000000e+00,8.538009265502175538e-01,8.714073732372520364e-01,6.136831200717224322e-01
8.605200729413478022e-01,1.583608140507011264e-01,6.998730584731350790e-01,8.538009265502175538e-01,0.000000000000000000e+00,2.917329071782659433e-03,1.569229554197352217e-01
5.762204330223037463e-01,3.269062023137042639e-01,9.641129817414495484e-02,8.714073732372520364e-01,2.917329071782659433e-03,0.000000000000000000e+00,8.865926329488270641e-01
9.290294018364385620e-01,3.667882860668657541e-01,5.451812186851842101e-01,6.136831200717224322e-01,1.569229554197352217e-01,8.865926329488270641e-01,0.000000000000000000e+00
